306 288 29 300 74 176 57 285 318 96 354 49 117 188 195 157 353 221 153 79 71 154 390 184 107 169 10 294 162 129 88 149 5 63 15 245 41 148 66 150 95 90 111 14 396 256 175 308 200 135 125 172 146 314 130 37 394 110 309 99 141 1 30 47 366 214 91 128 9 147 244 348 183 103 345 152 140 378 51 191 177 123 312 358 276 370 197 365 142 78 372 182 368 138 235 94 115 40 373 171 334 178 313 113 293 12 343 246 297 364 393 274 92 28 338 97 377 124 360 39 85 25 181 58 8 333 356 254 185 20 194 52 266 367 166 397 35 336 64 286 145 392 346 86 126 67 190 303 82 7 75 237 87 386 179 395 325 347 340 98 399 174 319 371 161 389 22 73 24 119 222 156 116 53 305 349 27 56 11 158 215 160 134 131 391 249 384 173 31 70 33 335 114 165 133 328 84 327 93 50 77 80 326 311 132 217 302 120 76 167 204 122 143 414 287 62 21 180 102 280 331 55 239 155 344 139 253 258 310 265 65 17 202 324 250 44 192 127 13 270 137 339 105 307 203 43 379 104 352 320 38 118 48 100 81 291 196 19 268 281 243 317 163 301 108 164 329 2 89 136 151 144 400 342 375 159 112 106 121 109 26 298 387 350 4 168 54 101 359 337 60 34 332 299 363 198 272 295 242 189 374 16 398 380 72 369 362 68 46 170 382 42 193 59 199 323 18 388 69 232 355 223 351 187 83 357 45 32 385 316 381 376 3 61 383 330 36 304 361 341 321 186 6 23 322 315 218 
262 
225 
500 
499 
424 
241 
224 
240 
451 
260 
498 
497 
289 
496 
495 
409 
408 
494 
238 
407 
493 
492 
410 
231 
491 
411 
421 
230 
490 
489 
425 
488 
415 
487 
220 
486 
426 
485 
427 
229 
484 
428 
236 
429 
290 
483 
482 
228 
481 
480 
479 
279 
430 
478 
423 
477 
476 
475 
255 
431 
278 
432 
259 
474 
433 
234 
219 
473 
401 
273 
472 
471 
470 
420 
402 
416 
216 
469 
468 
412 
467 
450 
466 
417 
465 
434 
464 
463 
462 
461 
460 
233 
227 
459 
458 
226 
457 
456 
455 
452 
275 
435 
453 
252 
403 
422 
436 
213 
437 
438 
439 
251 
440 
282 
212 
271 
283 
257 
441 
413 
442 
443 
211 
247 
284 
444 
296 
418 
405 
419 
269 
261 
210 
404 
248 
267 
406 
209 
445 
446 
292 
454 
447 
208 
448 
207 
206 
277 
205 
264 
201 
263 
449 
 
421 
350 
208 
409 
349 
348 
347 
448 
