328 [0.1984521339684492, 0.12280002711170321, 0.199082001363402, 0.2689242777929047, 0.21074155976354086]
489 [0.13671835836646776, 0.22987678310363516, 0.2109414966364452, 0.14447967661637207, 0.2779836852770799]
224 [0.29833319566116656, 0.2328520926421497, 0.15689569842655157, 0.1370611646250211, 0.17485784864511106]
10 [0.2504996393084414, 0.290587320554822, 0.07759412506518805, 0.23470066272478157, 0.1466182523467669]
139 [0.23368159558684012, 0.20633965316411496, 0.20488988857523435, 0.17587924198764288, 0.17920962068616775]
175 [0.0, 0.0, 0.0, 0.0, 0.0]
200 [0.1428578576088643, 0.145684525093353, 0.1956946743795283, 0.27234895450953706, 0.2434139884087174]
411 [0.14305606061918213, 0.1869426537380844, 0.12266638450430117, 0.19619257656537195, 0.3511423245730604]
372 [0.20321780234141712, 0.17340620589449357, 0.1897908780591498, 0.2158070762148033, 0.21777803749013633]
350 [0.1812884999239857, 0.21712008791861162, 0.1270140154725065, 0.2172099412113057, 0.2573674554735906]
337 [0.16865089869204214, 0.20793216215314797, 0.19661350666518562, 0.2563641783879126, 0.17043925410171168]
334 [0.22281909754730253, 0.12789561390021045, 0.20961900847485046, 0.23514451185972737, 0.2045217682179092]
170 [0.12960320551060575, 0.06147261402787477, 0.34614361166716917, 0.21288706127006865, 0.24989350752428163]
316 [0.11442117826299254, 0.12176644002869882, 0.310690167362076, 0.28131538008339496, 0.17180683426283766]
Any[(372, 0.9978132009263383), (139, 0.996592128825253), (337, 0.9923154547254553), (334, 0.9879606513025414), (350, 0.9843465784976361), (328, 0.9824149099648829), (200, 0.979234470275089), (489, 0.9777708136272854), (224, 0.9743104807404817), (411, 0.9544214615468168), (316, 0.9488008461784745), (10, 0.9481080962013977), (170, 0.9191806161261074), (288, 0), (306, 0), (11, 0), (491, 0), (134, 0), (158, 0), (160, 0), (215, 0), (464, 0), (29, 0), (131, 0), (391, 0), (249, 0), (478, 0), (207, 0), (300, 0), (384, 0), (173, 0), (289, 0), (499, 0), (74, 0), (201, 0), (435, 0), (477, 0), (176, 0), (57, 0), (31, 0), (285, 0), (490, 0), (70, 0), (318, 0), (33, 0), (335, 0), (479, 0), (445, 0), (252, 0), (114, 0), (165, 0), (96, 0), (133, 0), (354, 0), (473, 0), (49, 0), (84, 0), (327, 0), (230, 0), (117, 0), (93, 0), (425, 0), (284, 0), (50, 0), (77, 0), (80, 0), (311, 0), (248, 0), (326, 0), (474, 0), (227, 0), (188, 0), (441, 0), (132, 0), (195, 0), (157, 0), (412, 0), (447, 0), (264, 0), (231, 0), (353, 0), (430, 0), (221, 0), (153, 0), (401, 0), (217, 0), (79, 0), (302, 0), (71, 0), (120, 0), (154, 0), (225, 0), (390, 0), (76, 0), (184, 0), (167, 0), (213, 0), (204, 0), (122, 0), (143, 0), (414, 0), (62, 0), (107, 0), (169, 0), (287, 0), (21, 0), (484, 0), (416, 0), (102, 0), (180, 0), (294, 0), (162, 0), (129, 0), (280, 0), (88, 0), (240, 0), (260, 0), (429, 0), (413, 0), (251, 0), (261, 0), (149, 0), (439, 0), (5, 0), (463, 0), (63, 0), (472, 0), (438, 0), (331, 0), (41, 0), (15, 0), (245, 0), (461, 0), (148, 0), (210, 0), (495, 0), (55, 0), (66, 0), (462, 0), (239, 0), (155, 0), (150, 0), (209, 0), (296, 0), (344, 0), (95, 0), (236, 0), (90, 0), (111, 0), (14, 0), (396, 0), (483, 0), (175, 0), (205, 0), (253, 0), (256, 0), (258, 0), (212, 0), (308, 0), (310, 0), (265, 0), (269, 0), (282, 0), (135, 0), (125, 0), (172, 0), (146, 0), (130, 0), (314, 0), (17, 0), (65, 0), (452, 0), (202, 0), (492, 0), (44, 0), (250, 0), (324, 0), (37, 0), (394, 0), (419, 0), (453, 0), (466, 0), (192, 0), (436, 0), (110, 0), (127, 0), (475, 0), (13, 0), (309, 0), (270, 0), (450, 0), (99, 0), (137, 0), (141, 0), (105, 0), (30, 0), (1, 0), (47, 0), (216, 0), (339, 0), (366, 0), (226, 0), (214, 0), (307, 0), (91, 0), (43, 0), (9, 0), (128, 0), (203, 0), (147, 0), (379, 0), (470, 0), (104, 0), (352, 0), (244, 0), (348, 0), (273, 0), (183, 0), (468, 0), (103, 0), (320, 0), (345, 0), (152, 0), (38, 0), (118, 0), (465, 0), (488, 0), (48, 0), (100, 0), (81, 0), (140, 0), (291, 0), (422, 0), (196, 0), (19, 0), (268, 0), (378, 0), (281, 0), (51, 0), (243, 0), (454, 0), (191, 0), (177, 0), (277, 0), (123, 0), (255, 0), (312, 0), (317, 0), (424, 0), (427, 0), (446, 0), (358, 0), (485, 0), (163, 0), (405, 0), (276, 0), (301, 0), (108, 0), (164, 0), (329, 0), (2, 0), (89, 0), (241, 0), (370, 0), (197, 0), (136, 0), (151, 0), (365, 0), (144, 0), (142, 0), (400, 0), (342, 0), (283, 0), (375, 0), (78, 0), (159, 0), (494, 0), (448, 0), (112, 0), (407, 0), (106, 0), (459, 0), (433, 0), (121, 0), (109, 0), (182, 0), (26, 0), (279, 0), (368, 0), (298, 0), (387, 0), (138, 0), (4, 0), (292, 0), (457, 0), (235, 0), (168, 0), (440, 0), (94, 0), (290, 0), (115, 0), (54, 0), (418, 0), (40, 0), (101, 0), (211, 0), (373, 0), (171, 0), (359, 0), (455, 0), (60, 0), (34, 0), (332, 0), (417, 0), (481, 0), (299, 0), (467, 0), (178, 0), (363, 0), (426, 0), (198, 0), (238, 0), (313, 0), (272, 0), (482, 0), (493, 0), (469, 0), (113, 0), (293, 0), (295, 0), (12, 0), (242, 0), (343, 0), (189, 0), (410, 0), (246, 0), (16, 0), (297, 0), (364, 0), (374, 0), (398, 0), (471, 0), (208, 0), (393, 0), (456, 0), (497, 0), (443, 0), (274, 0), (380, 0), (262, 0), (92, 0), (72, 0), (28, 0), (338, 0), (449, 0), (480, 0), (369, 0), (97, 0), (362, 0), (377, 0), (68, 0), (124, 0), (267, 0), (275, 0), (360, 0), (39, 0), (46, 0), (85, 0), (486, 0), (25, 0), (382, 0), (42, 0), (181, 0), (58, 0), (193, 0), (59, 0), (8, 0), (333, 0), (428, 0), (356, 0), (199, 0), (323, 0), (254, 0), (247, 0), (185, 0), (458, 0), (20, 0), (194, 0), (52, 0), (18, 0), (233, 0), (266, 0), (388, 0), (403, 0), (234, 0), (69, 0), (406, 0), (421, 0), (232, 0), (355, 0), (219, 0), (367, 0), (223, 0), (451, 0), (166, 0), (278, 0), (187, 0), (35, 0), (83, 0), (336, 0), (351, 0), (397, 0), (64, 0), (434, 0), (487, 0), (286, 0), (408, 0), (257, 0), (220, 0), (145, 0), (259, 0), (444, 0), (392, 0), (460, 0), (263, 0), (45, 0), (357, 0), (346, 0), (86, 0), (67, 0), (126, 0), (206, 0), (32, 0), (229, 0), (190, 0), (385, 0), (303, 0), (82, 0), (7, 0), (75, 0), (442, 0), (228, 0), (432, 0), (381, 0), (87, 0), (237, 0), (386, 0), (376, 0), (179, 0), (395, 0), (3, 0), (61, 0), (325, 0), (347, 0), (437, 0), (500, 0), (383, 0), (404, 0), (330, 0), (431, 0), (409, 0), (36, 0), (340, 0), (402, 0), (98, 0), (304, 0), (476, 0), (399, 0), (361, 0), (174, 0), (319, 0), (371, 0), (161, 0), (341, 0), (186, 0), (321, 0), (389, 0), (415, 0), (420, 0), (22, 0), (6, 0), (24, 0), (73, 0), (119, 0), (423, 0), (156, 0), (222, 0), (53, 0), (116, 0), (271, 0), (23, 0), (498, 0), (305, 0), (315, 0), (322, 0), (349, 0), (27, 0), (496, 0), (218, 0), (56, 0)]
