74 [0.0, 0.23744872106211873, 0.0, 0.0, 0.7625512789378813]
414 [0.4821135305796046, 0.0, 0.0, 0.0, 0.5178864694203954]
107 [0.0, 0.33562006073682643, 0.29665612519562023, 0.07519406381104722, 0.29252975025650624]
200 [0.0, 0.3111784202600522, 0.043321586096217043, 0.33547643118338993, 0.31002356246034074]
146 [0.0, 0.4696858214967301, 0.42595422928781246, 0.05641078335970676, 0.04794916585575076]
202 [0.0, 0.22507317949294903, 0.4147386252793582, 0.0, 0.3601881952276928]
320 [0.0, 0.0, 0.0, 0.3815502940391738, 0.6184497059608262]
112 [0.0, 0.3800859721011618, 0.0, 0.0, 0.6199140278988382]
455 [0.1112899424322806, 0.17337176772814378, 0.17446763554685285, 0.2620513878931199, 0.27881926639960286]
72 [0.0, 0.31468592655189503, 0.3194508026984356, 0.09088142689300965, 0.27498184385665986]
402 [0.29181405821054024, 0.2303584487405293, 0.18607721804208915, 0.11201254820634146, 0.17973772680049993]
Any[(402, 0.9718901842114318), (455, 0.969173309828613), (72, 0.8085696989071733), (107, 0.795970792137569), (200, 0.7634569139689826), (202, 0.663878398197281), (146, 0.6376724299174377), (414, 0.4302789110988644), (320, 0.41307463132246713), (112, 0.41263238130374036), (74, 0.34056687160937105), (288, 0), (306, 0), (11, 0), (491, 0), (134, 0), (158, 0), (160, 0), (215, 0), (464, 0), (29, 0), (131, 0), (391, 0), (249, 0), (478, 0), (207, 0), (300, 0), (384, 0), (173, 0), (289, 0), (499, 0), (201, 0), (435, 0), (477, 0), (176, 0), (57, 0), (31, 0), (285, 0), (490, 0), (70, 0), (318, 0), (33, 0), (335, 0), (479, 0), (445, 0), (252, 0), (114, 0), (165, 0), (96, 0), (133, 0), (354, 0), (328, 0), (473, 0), (49, 0), (84, 0), (327, 0), (489, 0), (230, 0), (117, 0), (93, 0), (425, 0), (284, 0), (50, 0), (77, 0), (80, 0), (311, 0), (248, 0), (326, 0), (474, 0), (227, 0), (188, 0), (441, 0), (132, 0), (195, 0), (157, 0), (412, 0), (447, 0), (264, 0), (231, 0), (353, 0), (430, 0), (221, 0), (153, 0), (401, 0), (217, 0), (79, 0), (302, 0), (71, 0), (120, 0), (154, 0), (225, 0), (390, 0), (76, 0), (184, 0), (224, 0), (167, 0), (213, 0), (204, 0), (122, 0), (143, 0), (62, 0), (169, 0), (287, 0), (21, 0), (484, 0), (416, 0), (10, 0), (102, 0), (180, 0), (294, 0), (162, 0), (129, 0), (280, 0), (88, 0), (240, 0), (260, 0), (429, 0), (413, 0), (251, 0), (261, 0), (149, 0), (439, 0), (5, 0), (463, 0), (63, 0), (472, 0), (438, 0), (331, 0), (41, 0), (15, 0), (245, 0), (461, 0), (148, 0), (210, 0), (495, 0), (55, 0), (66, 0), (462, 0), (239, 0), (155, 0), (150, 0), (209, 0), (296, 0), (344, 0), (95, 0), (139, 0), (236, 0), (90, 0), (111, 0), (14, 0), (396, 0), (483, 0), (175, 0), (205, 0), (253, 0), (256, 0), (258, 0), (212, 0), (308, 0), (310, 0), (265, 0), (269, 0), (282, 0), (135, 0), (125, 0), (172, 0), (130, 0), (314, 0), (17, 0), (65, 0), (452, 0), (492, 0), (44, 0), (250, 0), (324, 0), (37, 0), (394, 0), (419, 0), (453, 0), (466, 0), (192, 0), (436, 0), (110, 0), (127, 0), (475, 0), (13, 0), (309, 0), (270, 0), (450, 0), (99, 0), (137, 0), (141, 0), (105, 0), (30, 0), (1, 0), (47, 0), (216, 0), (339, 0), (366, 0), (226, 0), (214, 0), (307, 0), (91, 0), (43, 0), (9, 0), (128, 0), (203, 0), (147, 0), (379, 0), (470, 0), (104, 0), (352, 0), (244, 0), (348, 0), (273, 0), (183, 0), (468, 0), (103, 0), (345, 0), (152, 0), (38, 0), (118, 0), (465, 0), (488, 0), (48, 0), (100, 0), (411, 0), (81, 0), (140, 0), (291, 0), (422, 0), (196, 0), (19, 0), (268, 0), (378, 0), (281, 0), (51, 0), (243, 0), (454, 0), (191, 0), (177, 0), (277, 0), (123, 0), (255, 0), (312, 0), (317, 0), (424, 0), (427, 0), (446, 0), (358, 0), (485, 0), (163, 0), (405, 0), (276, 0), (301, 0), (108, 0), (164, 0), (329, 0), (2, 0), (89, 0), (241, 0), (370, 0), (197, 0), (136, 0), (151, 0), (365, 0), (144, 0), (142, 0), (400, 0), (342, 0), (283, 0), (375, 0), (78, 0), (159, 0), (494, 0), (448, 0), (372, 0), (407, 0), (106, 0), (459, 0), (433, 0), (121, 0), (109, 0), (182, 0), (26, 0), (279, 0), (368, 0), (298, 0), (387, 0), (138, 0), (350, 0), (4, 0), (292, 0), (457, 0), (235, 0), (168, 0), (440, 0), (94, 0), (290, 0), (115, 0), (54, 0), (418, 0), (40, 0), (101, 0), (211, 0), (373, 0), (171, 0), (359, 0), (337, 0), (60, 0), (34, 0), (332, 0), (334, 0), (417, 0), (481, 0), (299, 0), (467, 0), (178, 0), (363, 0), (426, 0), (198, 0), (238, 0), (313, 0), (272, 0), (482, 0), (493, 0), (469, 0), (113, 0), (293, 0), (295, 0), (12, 0), (242, 0), (343, 0), (189, 0), (410, 0), (246, 0), (16, 0), (297, 0), (364, 0), (374, 0), (398, 0), (471, 0), (208, 0), (393, 0), (456, 0), (497, 0), (443, 0), (274, 0), (380, 0), (262, 0), (92, 0), (28, 0), (338, 0), (449, 0), (480, 0), (369, 0), (97, 0), (362, 0), (377, 0), (68, 0), (124, 0), (267, 0), (275, 0), (360, 0), (39, 0), (46, 0), (85, 0), (486, 0), (170, 0), (25, 0), (382, 0), (42, 0), (181, 0), (58, 0), (193, 0), (59, 0), (8, 0), (333, 0), (428, 0), (356, 0), (199, 0), (323, 0), (254, 0), (247, 0), (185, 0), (458, 0), (20, 0), (194, 0), (52, 0), (18, 0), (233, 0), (266, 0), (388, 0), (403, 0), (234, 0), (69, 0), (406, 0), (421, 0), (232, 0), (355, 0), (219, 0), (367, 0), (223, 0), (451, 0), (166, 0), (278, 0), (187, 0), (35, 0), (83, 0), (336, 0), (351, 0), (397, 0), (64, 0), (434, 0), (487, 0), (286, 0), (408, 0), (257, 0), (220, 0), (145, 0), (259, 0), (444, 0), (392, 0), (460, 0), (263, 0), (45, 0), (357, 0), (346, 0), (86, 0), (67, 0), (126, 0), (206, 0), (32, 0), (229, 0), (316, 0), (190, 0), (385, 0), (303, 0), (82, 0), (7, 0), (75, 0), (442, 0), (228, 0), (432, 0), (381, 0), (87, 0), (237, 0), (386, 0), (376, 0), (179, 0), (395, 0), (3, 0), (61, 0), (325, 0), (347, 0), (437, 0), (500, 0), (383, 0), (404, 0), (330, 0), (431, 0), (409, 0), (36, 0), (340, 0), (98, 0), (304, 0), (476, 0), (399, 0), (361, 0), (174, 0), (319, 0), (371, 0), (161, 0), (341, 0), (186, 0), (321, 0), (389, 0), (415, 0), (420, 0), (22, 0), (6, 0), (24, 0), (73, 0), (119, 0), (423, 0), (156, 0), (222, 0), (53, 0), (116, 0), (271, 0), (23, 0), (498, 0), (305, 0), (315, 0), (322, 0), (349, 0), (27, 0), (496, 0), (218, 0), (56, 0)]
